[1, 10, 0.17795834, 0.20181432, 0.22251169, 1.1025565]
[1, 20, 0.17891529, 0.20354199, 0.21602975, 1.0613523]
[1, 30, 0.17644168, 0.20448887, 0.2157454, 1.0550472]
[1, 40, 0.21271868, 0.21986674, 0.23351406, 1.0620708]
[1, 50, 0.17650573, 0.20573665, 0.24362643, 1.1841664]
[1, 60, 0.20456988, 0.19856748, 0.21130776, 1.0641609]
[1, 70, 0.21122913, 0.20766406, 0.22738825, 1.0949812]
[1, 80, 0.17464933, 0.19676688, 0.21077463, 1.0711895]
[1, 90, 0.22838837, 0.20426346, 0.23418862, 1.1465027]
[1, 100, 0.18118146, 0.2216825, 0.22033164, 0.99390632]
[2, 10, 0.19735172, 0.21298334, 0.21875191, 1.0270846]
[2, 20, 0.19332874, 0.19956018, 0.244629, 1.2258407]
[2, 30, 0.19316842, 0.20384662, 0.23160903, 1.1361927]
[2, 40, 0.2029597, 0.20724887, 0.22194642, 1.0709174]
[2, 50, 0.18927231, 0.21553062, 0.24632481, 1.1428761]
[2, 60, 0.18091014, 0.18644391, 0.21378796, 1.146661]
[2, 70, 0.15703528, 0.18275425, 0.21397139, 1.1708149]
[2, 80, 0.20912719, 0.20097992, 0.22194262, 1.1043024]
[2, 90, 0.19378379, 0.1889427, 0.20025814, 1.0598881]
[2, 100, 0.16935427, 0.18867633, 0.20713562, 1.0978358]
[3, 10, 0.23426379, 0.20852032, 0.2281768, 1.0942665]
[3, 20, 0.19324735, 0.20272873, 0.21749921, 1.0728583]
[3, 30, 0.23877969, 0.24414116, 0.25401771, 1.0404543]
[3, 40, 0.18699794, 0.18108062, 0.21057761, 1.1628942]
[3, 50, 0.17879468, 0.20372841, 0.21961772, 1.0779927]
[3, 60, 0.17663167, 0.18350534, 0.21307994, 1.1611648]
[3, 70, 0.20715994, 0.20192772, 0.21381004, 1.0588444]
[3, 80, 0.18201017, 0.19685581, 0.21691372, 1.1018913]
[3, 90, 0.18154542, 0.1956652, 0.2252294, 1.1510959]
[3, 100, 0.20208114, 0.21573532, 0.2587952, 1.1995959]
[4, 10, 0.18008603, 0.18640648, 0.2135566, 1.1456501]
[4, 20, 0.21292573, 0.21125132, 0.23115522, 1.0942191]
[4, 30, 0.16913505, 0.19030899, 0.20878293, 1.0970734]
[4, 40, 0.22994544, 0.20091915, 0.25496843, 1.2690101]
[4, 50, 0.21731256, 0.18789354, 0.22999084, 1.2240487]
[4, 60, 0.19118933, 0.19453047, 0.19924551, 1.0242381]
[4, 70, 0.22533517, 0.21461691, 0.21725054, 1.0122713]
[4, 80, 0.17699568, 0.19171864, 0.21380959, 1.1152259]
[4, 90, 0.18475294, 0.18975554, 0.22672153, 1.1948085]
[4, 100, 0.20010188, 0.22715589, 0.22435163, 0.98765486]
[5, 10, 0.17612611, 0.20023657, 0.22035544, 1.1004754]
[5, 20, 0.20742564, 0.21199161, 0.25359046, 1.1962287]
[5, 30, 0.21074855, 0.21920955, 0.21358894, 0.97435963]
[5, 40, 0.23661429, 0.23009649, 0.23526859, 1.022478]
[5, 50, 0.21105696, 0.20055187, 0.22801313, 1.1369284]
[5, 60, 0.20583259, 0.20804892, 0.22871947, 1.0993543]
[5, 70, 0.21174233, 0.20341736, 0.21914323, 1.0773084]
[5, 80, 0.16590223, 0.21275093, 0.24649684, 1.158617]
[5, 90, 0.28283572, 0.21272558, 0.23440313, 1.1019038]
[5, 100, 0.18617998, 0.20173536, 0.22489417, 1.1147979]
[6, 10, 0.17773293, 0.19908005, 0.22854108, 1.1479858]
[6, 20, 0.19367173, 0.19972293, 0.21413313, 1.0721509]
[6, 30, 0.19523849, 0.2015065, 0.21788542, 1.0812824]
[6, 40, 0.19665578, 0.20675355, 0.22545953, 1.0904747]
[6, 50, 0.20458297, 0.22309436, 0.25887954, 1.1604038]
[6, 60, 0.1786727, 0.18556082, 0.23912112, 1.2886401]
[6, 70, 0.22300053, 0.22521348, 0.23131406, 1.027088]
[6, 80, 0.21780577, 0.23786055, 0.2327328, 0.97844225]
[6, 90, 0.17370103, 0.18915245, 0.23731622, 1.2546294]
[6, 100, 0.18264501, 0.20702097, 0.23820482, 1.1506314]
[7, 10, 0.16520076, 0.18874145, 0.20248921, 1.0728391]
[7, 20, 0.20533769, 0.19686231, 0.22342184, 1.1349143]
[7, 30, 0.18120758, 0.2026307, 0.2189821, 1.0806956]
[7, 40, 0.18190241, 0.20262559, 0.2106978, 1.0398381]
[7, 50, 0.19894487, 0.19893903, 0.20663866, 1.0387036]
[7, 60, 0.17078184, 0.20000739, 0.22825876, 1.1412516]
[7, 70, 0.16643526, 0.17768365, 0.20696481, 1.1647937]
[7, 80, 0.18841976, 0.243545, 0.20909457, 0.85854596]
[7, 90, 0.18823962, 0.19533181, 0.22553647, 1.1546326]
[7, 100, 0.21451691, 0.19801207, 0.25677145, 1.2967465]
[8, 10, 0.18800247, 0.20568122, 0.24061631, 1.1698506]
[8, 20, 0.18400095, 0.19633847, 0.21204841, 1.0800146]
[8, 30, 0.17742021, 0.19766749, 0.24792922, 1.2542741]
[8, 40, 0.17778187, 0.18940024, 0.22563133, 1.1912937]
[8, 50, 0.1874197, 0.2048768, 0.22220147, 1.0845615]
[8, 60, 0.18029842, 0.21354079, 0.23846503, 1.1167189]
[8, 70, 0.20622484, 0.19249576, 0.23043275, 1.1970795]
[8, 80, 0.21582574, 0.217976, 0.24101247, 1.1056834]
[8, 90, 0.2170403, 0.22568282, 0.23607908, 1.0460658]
[8, 100, 0.15617, 0.17397428, 0.19712636, 1.1330776]
[9, 10, 0.17300533, 0.19760579, 0.20400898, 1.0324038]
[9, 20, 0.18369919, 0.19541779, 0.25003457, 1.2794873]
[9, 30, 0.1761781, 0.19372991, 0.21372873, 1.1032304]
[9, 40, 0.19494325, 0.18115003, 0.18833832, 1.0396814]
[9, 50, 0.1978412, 0.20628864, 0.22562131, 1.0937166]
[9, 60, 0.18028235, 0.1968195, 0.20592788, 1.0462779]
[9, 70, 0.17959918, 0.20039316, 0.22656521, 1.1306036]
[9, 80, 0.1965493, 0.21504034, 0.26762748, 1.2445455]
[9, 90, 0.16991454, 0.17395903, 0.2170794, 1.2478765]
[9, 100, 0.19349346, 0.23847482, 0.26088357, 1.093967]
[10, 10, 0.17622136, 0.19886348, 0.21081433, 1.0600958]
[10, 20, 0.18169893, 0.1945416, 0.21842557, 1.1227705]
[10, 30, 0.17825086, 0.19661485, 0.21243, 1.0804372]
[10, 40, 0.15633376, 0.1869445, 0.20816633, 1.1135194]
[10, 50, 0.19051053, 0.22053656, 0.23623526, 1.0711842]
[10, 60, 0.18891373, 0.18469293, 0.22188447, 1.2013696]
[10, 70, 0.16132891, 0.19567609, 0.21199927, 1.0834194]
[10, 80, 0.16518486, 0.20237692, 0.22071677, 1.0906223]
[10, 90, 0.19071028, 0.1845755, 0.21817425, 1.1820326]
[10, 100, 0.20539436, 0.19814062, 0.22908424, 1.15617]
