[1, 10, 0.067661382, 0.19845706, 0.32233375, 1.6241989]
[1, 20, 0.087726541, 0.23935467, 0.44294265, 1.8505703]
[1, 30, 0.074991338, 0.20560069, 0.25503734, 1.2404498]
[1, 40, 0.079667434, 0.25489828, 0.28451681, 1.1161975]
[1, 50, 0.06292709, 0.19847542, 0.38119772, 1.9206294]
[1, 60, 0.065821454, 0.25324821, 0.27229965, 1.0752283]
[1, 70, 0.065931946, 0.27509168, 0.27638477, 1.0047005]
[1, 80, 0.061479647, 0.21327342, 0.22663741, 1.0626613]
[1, 90, 0.077245831, 0.19963498, 0.27980652, 1.4015906]
[1, 100, 0.076190546, 0.23004133, 0.2589123, 1.1255034]
[2, 10, 0.10366125, 0.22566269, 0.26304698, 1.1656644]
[2, 20, 0.073355168, 0.23880653, 0.25155407, 1.0533803]
[2, 30, 0.10711988, 0.24509059, 0.31158254, 1.2712954]
[2, 40, 0.089803614, 0.24987973, 0.25380984, 1.015728]
[2, 50, 0.099024661, 0.21574004, 0.26557717, 1.2310054]
[2, 60, 0.10279654, 0.23711868, 0.27054694, 1.1409769]
[2, 70, 0.089028001, 0.22155836, 0.27330801, 1.2335712]
[2, 80, 0.10126922, 0.25908753, 0.25806567, 0.9960559]
[2, 90, 0.10410349, 0.25287113, 0.29803684, 1.1786116]
[2, 100, 0.088585667, 0.28918424, 0.29566285, 1.022403]
[3, 10, 0.11034408, 0.38657984, 0.30875224, 0.79867649]
[3, 20, 0.093407363, 0.26661959, 0.36334282, 1.3627762]
[3, 30, 0.098316841, 0.2773397, 0.31571653, 1.1383748]
[3, 40, 0.10153194, 0.29981032, 0.29139909, 0.97194481]
[3, 50, 0.087956682, 0.2052127, 0.53891456, 2.6261268]
[3, 60, 0.074116029, 0.31785497, 0.2565721, 0.80719864]
[3, 70, 0.12816563, 0.2859875, 0.27570096, 0.96403152]
[3, 80, 0.1238324, 0.22735661, 0.32253036, 1.41861]
[3, 90, 0.081213668, 0.32922971, 0.23676407, 0.71914554]
[3, 100, 0.11075109, 0.28574273, 0.37103051, 1.2984775]
[4, 10, 0.10024351, 0.2731657, 0.38361046, 1.4043142]
[4, 20, 0.10185313, 0.35346127, 0.29268348, 0.82804966]
[4, 30, 0.11108049, 0.46677688, 0.4287968, 0.91863334]
[4, 40, 0.10244071, 0.36734197, 0.36432895, 0.9917978]
[4, 50, 0.10837562, 0.33248958, 0.25096896, 0.75481755]
[4, 60, 0.12399416, 0.30963022, 0.45366564, 1.4651853]
[4, 70, 0.12255967, 0.34898379, 0.35212705, 1.0090069]
[4, 80, 0.10250484, 0.34015259, 0.29444036, 0.86561257]
[4, 90, 0.12036995, 0.33737057, 0.27307907, 0.80943358]
[4, 100, 0.12300918, 0.37994561, 0.3576408, 0.94129473]
[5, 10, 0.091819152, 0.31081456, 0.36979416, 1.1897582]
[5, 20, 0.10938989, 0.30064392, 0.29891586, 0.99425215]
[5, 30, 0.15065403, 0.30770579, 0.50730699, 1.6486754]
[5, 40, 0.12190367, 0.46892315, 0.50985903, 1.0872976]
[5, 50, 0.1067088, 0.39756379, 0.29689682, 0.74679041]
[5, 60, 0.1358522, 0.5492999, 0.40121552, 0.73041254]
[5, 70, 0.10082267, 0.38807884, 0.32290423, 0.83205831]
[5, 80, 0.11047138, 0.48727334, 0.48603362, 0.99745584]
[5, 90, 0.099917397, 0.31758502, 0.3206268, 1.0095779]
[5, 100, 0.1349984, 0.43239373, 0.33521259, 0.77524847]
[6, 10, 0.099780127, 0.36686155, 0.43726513, 1.1919078]
[6, 20, 0.11930177, 0.36719152, 0.42791778, 1.1653804]
[6, 30, 0.12732533, 0.38066977, 0.54925054, 1.4428531]
[6, 40, 0.11598936, 0.30035469, 0.29641795, 0.98689306]
[6, 50, 0.08673545, 0.38941526, 0.32868868, 0.84405702]
[6, 60, 0.098530427, 0.39764675, 0.31047612, 0.78078377]
[6, 70, 0.1231071, 0.40894404, 0.40559688, 0.99181509]
[6, 80, 0.17066197, 0.3540777, 0.35055989, 0.99006486]
[6, 90, 0.10618887, 0.34488741, 0.32038835, 0.92896503]
[6, 100, 0.14272441, 0.34602547, 0.32740426, 0.94618547]
[7, 10, 0.10302515, 0.30985591, 0.30780196, 0.99337131]
[7, 20, 0.10819922, 0.25537375, 0.31565794, 1.2360626]
[7, 30, 0.10862195, 0.30589369, 0.40845287, 1.3352772]
[7, 40, 0.12684998, 0.3343637, 0.34704509, 1.0379269]
[7, 50, 0.11783927, 0.45618862, 0.34126934, 0.74808824]
[7, 60, 0.1292063, 0.4000634, 0.37405777, 0.93499625]
[7, 70, 0.12737525, 0.28994381, 0.34564131, 1.1920975]
[7, 80, 0.11264469, 0.43819588, 0.37555203, 0.85704142]
[7, 90, 0.11884076, 0.36381051, 0.29894671, 0.82170993]
[7, 100, 0.13059007, 0.46959496, 0.38146362, 0.81232476]
[8, 10, 0.11179404, 0.38887146, 0.33924878, 0.87239307]
[8, 20, 0.11643341, 0.32278764, 0.44255018, 1.3710258]
[8, 30, 0.12339196, 0.39660829, 0.40590695, 1.0234455]
[8, 40, 0.12293381, 0.43125185, 0.33875424, 0.7855137]
[8, 50, 0.10290017, 0.39231297, 0.34306023, 0.87445545]
[8, 60, 0.15133846, 0.42938513, 0.33235511, 0.77402568]
[8, 70, 0.12730075, 0.36149105, 0.38890707, 1.0758415]
[8, 80, 0.11573828, 0.35634547, 0.42020538, 1.1792078]
[8, 90, 0.1296294, 0.30603135, 0.40705314, 1.3301028]
[8, 100, 0.11038072, 0.34543729, 0.43569216, 1.2612772]
[9, 10, 0.11105935, 0.39010695, 0.36928594, 0.94662744]
[9, 20, 0.11532676, 0.37559527, 0.30161265, 0.80302566]
[9, 30, 0.11535871, 0.54754418, 0.48658565, 0.88866919]
[9, 40, 0.12263915, 0.32819161, 0.45715776, 1.39296]
[9, 50, 0.11419756, 0.51360476, 0.44656813, 0.86947817]
[9, 60, 0.12606376, 0.41170684, 0.42317253, 1.0278492]
[9, 70, 0.0983404, 0.35116398, 0.38144508, 1.0862306]
[9, 80, 0.11816178, 0.33821541, 0.38527754, 1.1391484]
[9, 90, 0.14275169, 0.61812437, 0.39808309, 0.64401782]
[9, 100, 0.12168147, 0.38344771, 0.3116166, 0.81267041]
[10, 10, 0.11717746, 0.30013105, 0.37263304, 1.2415677]
[10, 20, 0.13289517, 0.53222698, 0.42298236, 0.79474056]
[10, 30, 0.11441727, 0.35897943, 0.34861702, 0.97113365]
[10, 40, 0.11043174, 0.43064341, 0.57748014, 1.3409705]
[10, 50, 0.11984207, 0.47620359, 0.36737755, 0.77147162]
[10, 60, 0.1297694, 0.39100406, 0.41897097, 1.0715259]
[10, 70, 0.13602918, 0.51927978, 0.37160131, 0.71560907]
[10, 80, 0.10275666, 0.49833903, 0.41128209, 0.82530582]
[10, 90, 0.15772825, 0.82043052, 0.3975113, 0.48451549]
[10, 100, 0.11573412, 0.35114023, 0.29355809, 0.83601385]